---
Observation_1:
  id: 1
  protocol_id: 2
  site_id: 4
  created_at: 2016-06-19 14:55:33.550992000 Z
  updated_at: 2016-06-19 14:55:33.550992000 Z
Observation_2:
  id: 2
  site_id: 3
  protocol_id: 3
  created_at: 2016-06-19 14:55:35.689331000 Z
  updated_at: 2016-06-19 14:55:35.689331000 Z
