---
Subsite_1:
  id: 1
  name: A
  site_id: 3
  created_at: 2016-06-18 20:39:03.571142000 Z
  updated_at: 2016-06-18 20:39:03.571142000 Z
Subsite_2:
  id: 2
  name: Rosebrook
  site_id: 4
  created_at: 2016-06-18 22:48:44.698261000 Z
  updated_at: 2016-06-18 22:48:44.698261000 Z
