---
Site_1:
  id: 3
  name: Banshee Reeks New
  property_id: 1
  created_at: 2016-06-18 20:33:56.749343000 Z
  updated_at: 2016-06-18 20:33:56.749343000 Z
Site_2:
  id: 4
  name: Rosebrook
  property_id: 2
  created_at: 2016-06-18 22:27:40.151098000 Z
  updated_at: 2016-06-18 22:27:40.151098000 Z
